1009370
104628
1076
1082
1083
1121004
1177931
1211705
1239297
1314753
13335
1393
1422
1509
162
167879
174922
177439
1866
189518
190485
190486
190650
192
195064
196
206
208964
211586
212717
214092
216
216595
218491
223283
224308
224324
224326
224911
225849
234827
235279
243090
243265
243274
243276
243277
246200
257310
264203
264462
266834
266835
269796
272560
272562
272626
273068
273121
273123
28172
283942
290633
29522
297246
298386
309801
309807
312309
317025
319224
33977
34018
34103
351607
354242
358
379066
380703
387092
387093
391591
40.1
418099
42897
439487
44449
46867
50960
511145
53408
536
553218
555314
563041
573370
584
585
637910
663
679897
69710
69823
717227
82203
862719
882
887062
927704
931626
936155
968
992186
99287
999428
