4165908
5937250
5903106
5848332
5327655
5322045
4957030
5294325
14335620
14296564
14291599
14290347
14273672
14245437
14203372
14154721
14126870
14119929
14079492
13943550
14470678
14455344
13756061
13644195
13616590
13595636
13440604
13405866
13357722
13294134
14398267
14373887
13243438
13233170
13230070
13152344
13069434
13035049
13034369
14947015
14882341
14882340
14832179
14826806
14794637
18108887
4556085
4334764
4112244
4112052
4110144
4109906
4108473
5555503
5403511
4929924
4250610
4105030
4100836
4099101
4098725
5473909
5469673
5444289
5397563
4987616
4912629
4911004
4910873
4901086
4188225
5796120
5344130
5344110
5247278
4981059
4979814
4979789
4974520
4896352
4891807
4881530
6064044
5650092
4965200
4872543
6039362
6032515
6029837
5971649
5963509
5963508
5874540
5298438
5298435
4167588

6470668


