15101977
15100991
15073313
15060055
15060026
15039313
15024844
15001355
15001186
14985343
14970819
14705929
14567051
12923105
12913492
12909351
12896813
12892877
12867561
12867460
12855171
12813095
12732473
12730325
12719266
12664194
12662929
12624192
12594020
12562788
12524310
12511514
12374832
12366836
12217691
12054792
11983908
11948156
11895941
20420469
20397205
20368723
20363801
20333235
20304988
20233308
20233302
20204450
20203052
20184859
20156455
20154133
20133571
20006482
19919668
19699799
17811532
17749596
16346016
20003186
19913475
19895217
19857501
19717629
19712406
19706726
19700548
19627504
19625415
19620340
19600614
19592588
19542284
19502394
19497327
19361928
19299134
19234112
19210619
19183284
19181813
19170881
19170878
19133273
19081724
18668121
19081534
18999716
18999482
18851079
18834143
18753783
18723648
18647830
18635679
18600633
18566286
18566274
18505842
18504936
18502919
18483484
18468917

