378265
227322
112211
106489
657012
596994
342514
859458
838680
410784
410385
1018163
785102
7330592
7311875
7197860
7130279
7085564
7061399
6797949
6271861
7435021
7212481
7021551
7007337
6894706
6792841
6254442
6161138
7402129
6245069
41419
90852
721774
380435
2231673
2926815
2849208
2800547
2743214
2708319
2648007
2536661
3410822
3395694
3354638
122508
6598923
4056743
3981612
3972771
3972446
2990368
6748081
6725210
6722864
6707608
6650229
6470668
6470665
6426766
6369080
6850813
6764039
6630432
6186689
7504685
8487294
8471735
8468277
8236953
8235660
8235620
8097015
1362173
1736969
1732217
1640458
1631080
1613782
21415118
1362173
16415052
16385045
16250341
16229468
16203123
16166542
16120444
15946806
15866878
15839898
19571004
7768859
7768858
7768816
7768796
7724590
7701086
7669906
7669902
7627454
7623665
7592443
7559332
7541114
11538110
8308888
8298044
8298005
8295569
8254311
8253687
8021208
7935835
7928960
17002279
16978346
16952945
16885937
16834776
16780875
16740925
16698936
16677309
16559454
16547037
16540320
16513753
16459078
16432218
16428388
721774
16250341
19383460
1362173
15716440
15713454
15687208
15687183
15629949
15516571
15488392
15451673
15375113
15306009
15287590
15272862
15213745
15213145
15213138
15186773
15186769
15170401
15170400
15126479
20615986
20576620
20567752
20498085

