1018163
106489
1091336
112211
1145173


11538110
11895941
11948156
11983908
12054792
1214109

12217691
122508
12366836
12374832
1238559
12511514

12524310
12562788
12594020
12624192
12662929
12664194

12719266
12730325
12732473
12813095
12855171
12867460

12867561
12892877
12896813
12909351
12913492
12923105

13034369
13035049
13069434
13152344
13230070
13233170

13243438
13294134
13357722
13405866
13440604
13595636

13616590
1362173
13644195
13756061
13943550
14079492

14119929
14126870
14154721
14203372
14245437
14273672

14290347
14291599
14296564
14335620
14373887
14398267

14455344
14470678
14567051
14705929
14794637
14826806

14832179
14882340
14882341
14947015
14970819
14985343

15001186
15001355
15024844
15039313
15060026
15060055

15073313
15100991
15101977
15126479
15170400
15170401

15186769
15186773
15213138
15213145
15213745
15272862

15287590
15306009
15375113
15451673
15488392
15516571

15629949
15687183
15687208
15713454
15716440
15839898

15866878
15946806
16120444
1613782
16166542
16203123

16229468
16250341
1631080
16346016
163671
16385045

1640458
16415052
16428388
16432218
16459078
16513753

16540320
16547037
16559454
16677309
16698936
16740925

16780875
16834776
16885937
16952945
16978346
17002279

1732217
1736969
174344
17749596
17811532
18108887

18468917
18483484
18502919
18504936
18505842
18566274

18566286
18600633
18635679
18647830
18668121
18723648

18753783
18834143
18851079
18999482
18999716
19081534

19081724
19133273
19170878
19170881
19181813
19183284

19210619
19234112
19299134
19361928
19383460
19497327

19502394
19542284
19571004
19592588
19600614
19620340

19625415
19627504
19699799
19700548
19706726
19712406

19717629
19857501
19895217
19913475
19919668
20003186

20006482
20133571
20154133
20156455
20184859
20203052

20204450
20233302
20233308
20304988
20333235
20363801

20368723
20397205
20420469
20498085
20567752
20576620

20615986
21415118
2231673
227322
242290
2536661

2648007
2708319
2743214
2800547
2849208
2926815

2990368
3354638
3395694
3410822
342514
378265

380435
3972446
3972771
3981612
4056743
4098725

4099101
4100836
410385
4105030
410784
4108473

4109906
4110144
4112052
4112244
4118119
4121377

4123231
4127150
4129090
4129995
4131532
4137302

4140536
41419
4165908
4167588
4188225
4204938

4211976
4213598
4250610
4334764
4373524
4455603

4464309
4528816
4533221
4556085
4562603
4579130

4588538
4593531
4600858
4610240
4642227
4688664


4698864
4769918
4773919
4822777
4857935
4858081

4872543
4881530
4891807
4896352
4901086
4910873

4911004
4912629
4929924
4957030
4965200
4974520

4979789
4979814
4981059
4987616
50404
50456

50715
5086110
5126869
5247278
5294325
5298435

5298438
5322045
5327655
5344110
5344130
5397563

5403511
5444289
5469673
5473909
5555503
5650092

5796120
5848332
58539
5874540
5903106
5937250

5963508
5963509
596994
5971649
6029837
6032515

6039362
6064044
6161138
6186689
6245069
6254442

6271861
6369080
6426766
6470665
6470668
657012

6598923
6630432
6650229
6707608
6722864
6725210

6748081
6764039
6792841
6797949
6850813
6894706

7007337
7021551
7061399
7085564
7130279
7197860

7212481
721774
7311875
7330592
7402129
7435021

7504685
7541114
7559332
7592443
7623665
7627454

7669902
7669906
7701086
7724590
7768796
7768816


7768858
7768859
785102
7928960
7935835
8021208

804471
8097015
8235620
8235660
8236953
8253687

8254311
8295569
8298005
8298044
8308888
838680

8468277
8471735
8487294
859458
90852
10025168


10049388
10074090
10075408
10319484
10339609
10350613

10438751
10439416
10500220
10508112
10509484
10515922

11136445
11168592
11204784
11248198
11268201
11298286

11309112
11325943
11327786
11356579
11401962
11408658

11422558
11434456
11524974
11526174
11528005
11536578

11536579
11543608
11583840
11591685
11669642
11708742

11708853
11722743
11741839
11750825
11751834
11786348

11821427
17038120
17041040
17084692
17085552
17109884

17289075
17293429
17347523
17379726
17416615
17434949

17438286
17500588
17572072
17576668
17610831
17644605

17699634
17719558
17761814
17875662
17890312
17920274

17979244
17993515
18165296
18192386
18207160
18256495

18297874
18310339
18337747
18451048
18455187
18461074

20676082
20705140
20729351
20926516
20979349
21148728

21165649
21170308
21244534
21289282
21296949
21335384

21372321
21415118
21470300
21642461
21654632
21737499

21776027
21811488
21890701
21895888
21999994
22111373

22120737
22245577
7806350
7828930
7832586
7867059

7892209
8002572
8002583
8550499
8577240
8580359

8596445
8621091
8627625
8636046
8755888
8759871

8761176
8763618
8793868
8795158
8817078
8821931

8824625
8842190
8842231
8978102
8987497
9159525

9161424
9199499
9231413
9251788
9325158
9335288

9473049
9481513
9495748
9542094
9555902
9610353

9727020
9731177
9742948
9767587
9774535
9799733

9813134
9879970
9879971
19820083
17019700
6645983

457596
2982790
2179562
1370283
