10049388
10074090
10075408
10319484
10339609
10350613
10438751
10439416
10500220
10508112
10509484
10515922
11136445
11168592
11204784
11248198
11268201
11298286
11309112
11325943
11327786
11356579
11401962
11408658
11422558
11434456
11524974
11526174
11528005
11536578
11536579
11543608
11583840
11591685
11669642
11708742
11708853
11722743
11741839
11750825
11751834
11786348
11821427
17038120
17041040
17084692
17085552
17109884
17289075
17293429
17347523
17379726
17416615
17434949
17438286
17500588
17572072
17576668
17610831
17644605
17699634
17719558
17761814
17875662
17890312
17920274
17979244
17993515
18165296
18192386
18207160
18256495
18297874
18310339
18337747
18451048
18455187
18461074
20676082
20705140
20729351
20926516
20979349
21148728
21165649
21170308
21244534
21289282
21296949
21335384
21372321
21415118
21470300
21642461
21654632
21737499
21776027
21811488
21890701
21895888
21999994
22111373
22120737
22245577
7806350
7828930
7832586
7867059
7892209
8002572
8002583
8550499
8577240
8580359
8596445
8621091
8627625
8636046
8755888
8759871
8761176
8763618
8793868
8795158
8817078
8821931
8824625
8842190
8842231
8978102
8987497
9159525
9161424
9199499
9231413
9251788
9325158
9335288
9473049
9481513
9495748
9542094
9555902
9610353
9727020
9731177
9742948
9767587
9774535
9799733
9813134
9879970
9879971
19820083
17019700
6645983
457596
2982790
2179562
1370283
